0 1.026 0.53468 0 0.64791 0.36502 0.24008 0 0 0 0 0.19858 0 0 0 0 0.5209 0.18479 0 0 0.79466 0.4921 0.36557 0.34859 0 0 0.23177 0 0 0 0 0.25895 0 0 0 0 0 0 0 0.26914 0.45095 0.31157 0.56416 0 0.33419 0 0 0 0.3676 0 0 0 0.315 0 0.96456 0.64257 1.0223 0.15772 0.52439 0.57769 0 0.44723 0 0 0 0.16213 0 0 0 0 0.53492 0.17102 0 0 0.73723 0.26888 0.26592 0.45677 0 0.22595 0 0 0 0 0 0 0.31341 0 0.15767 0 0 0.14981 0.34504 0 0.13712 0.39225 0.69023 0.27895 0.18483 0 0 0.19655 0.30092 0 0 0 0 0 0 0.26837 0.21328 0 0.4417 0 0.13822 0 0 0 0 0.15833 0.14589 0 0 0.23501 0 0.41268
1.026 0 0.49539 0 0.43182 0.16084 0.16601 0 0 0 0 0 0 0 0 0 0.34715 0 0 0.25144 0.67825 0.46933 0.31966 0.39579 0 0.14768 0.19584 0 0 0 0 0.22949 0 0 0 0 0 0 0.12623 0.27454 0.49106 0.35529 0.44906 0 0 0 0 0.17784 0.31215 0 0 0 0.22386 0 0.80936 0.70401 0.77659 0 0.44977 0.49749 0 0.41387 0 0 0 0 0 0 0 0 0.35746 0.26549 0 0.17458 0.7167 0.40876 0.23794 0.42651 0 0.3541 0 0 0 0 0 0 0.35938 0 0.13413 0 0 0.20395 0.29985 0 0 0.33119 0.58701 0.3059 0 0.13798 0 0.3128 0.26765 0 0 0 0 0.24888 0 0.30095 0.22369 0 0.42409 0 0 0 0 0 0.22288 0.32914 0.18592 0 0.14131 0.27811 0 0.3934
0.53468 0.49539 0 0.48819 0.95962 0 0.3419 0.24559 0.43081 0 0 0.49248 0 0 0 0 0.57093 0.52854 0 0 0.47207 0.46575 0.59326 0 0.47552 0.4124 0 0 0 0 0.15067 0.13545 0 0 0.12311 0 0 0 0 0.31504 0.2149 0.23451 0.44903 0 0 0 0 0.27731 0.1516 0 0.19436 0 0 0 0.24031 0 0.36848 0.24988 0.49396 0.43608 0.14703 0 0.2176 0 0 0.19915 0 0 0 0 0.40391 0.236 0 0 0.29687 0.20551 0.49365 0.14661 0.20971 0.33544 0 0 0 0 0.12881 0 0 0 0 0 0 0 0 0 0 0 0.34797 0.31664 0.17505 0 0.2586 0.15486 0.42808 0.14134 0 0.12169 0 0 0.14421 0.24494 0.16528 0.45288 0.26769 0.12083 0 0 0 0 0 0.39641 0.49451 0.41069 0.37419 0.30488 0.3173 0.57879
0 0 0.48819 0 0.7274 0 0.43953 0.56615 0.56686 0 0 1.1649 0.29804 0.27659 0 0 0.44936 0.93908 0 0 0 0.47531 0.41215 0 0.82808 0.91599 0.22388 0 0 0 0.48231 0 0.50673 0.19213 0.5939 0 0.44433 0.45816 0.28209 0.39978 0.52381 0 0.12799 0 0 0.22719 0 0.34675 0.58143 0 0.35522 0 0.15799 0 0 0 0 0.98595 0.22887 0.3833 0 0 0.3118 0 0 1.037 0.45132 0.36646 0 0.15257 0.25155 0.40382 0 0 0 0.34565 0.26073 0 0.85641 0.50259 0 0 0 0 0.40739 0 0.17995 0 0.30008 0 0.32117 0.53592 0 0 0 0 0.25409 0.63176 0 0 0.20429 0.36681 0.32358 0 0 0.14715 0 0 0.19228 0.42408 0 0.35421 0.26198 0 0.29256 0 0 0 0 0.38658 0.65217 0.36429 0 0.28329 0.42521 0.39708
0.64791 0.43182 0.95962 0.7274 0 0.25314 0.80872 0.44104 0.71274 0 0 0.78529 0 0 0 0 0.78288 0.68421 0 0 0.49946 0.59592 1.0028 0.1593 0.54343 0.58689 0.13291 0 0 0 0.16237 0.27609 0.42984 0 0.18307 0 0.15738 0 0 0.38884 0.39872 0.35661 0.45929 0 0.2322 0.19625 0 0.26273 0.3832 0 0.31402 0 0.25758 0 0.28507 0 0.48326 0.4982 0.76626 0.67356 0.28943 0.2928 0.46407 0 0 0.53857 0 0 0 0 0.55892 0.19885 0 0 0.29871 0.37552 0.74207 0.28765 0.4053 0.39524 0 0 0 0 0.16306 0 0.22229 0 0 0 0 0.16237 0 0 0 0.12649 0.45101 0.5092 0.17779 0 0.22771 0.29696 0.4638 0.20059 0 0.12888 0 0.15677 0 0.40821 0.23215 0.4785 0.51411 0.22272 0.26448 0 0 0 0 0.3935 0.54196 0.36576 0.19204 0.38443 0.41796 0.64255
0.36502 0.16084 0 0 0.25314 0 0.50651 0 0.18718 0 0 0.16136 0 0 0.44845 0.34284 0.33867 0 0.40331 0.50489 0.40259 0 0.43574 0.80168 0 0 0.1436 0 0.13796 0 0 0.25743 0.13476 0 0 0 0 0 0 0 0.15093 0.25984 0.26994 0.1495 0 0 0 0 0.16316 0 0.22885 0 0.12259 0.15575 0.22859 0.39207 0.12764 0 0.17845 0.49484 0.58885 0.36221 0.27334 0 0 0 0 0 0.21571 0.44796 0.46502 0 0.48396 0.42574 0.34676 0 0.19543 0.39257 0 0 0 0 0.1611 0 0 0 0.14297 0 0.36269 0 0 0 0 0 0 0.41116 0.24013 0 0 0 0.13664 0.25383 0 0.24695 0 0 0 0.35649 0 0.13924 0.35335 0.1833 0.46551 0 0.16263 0.12401 0 0 0.29863 0.15136 0 0 0 0.28974 0 0.12151
0.24008 0.16601 0.3419 0.43953 0.80872 0.50651 0 0.48933 0.89109 0.13122 0 0.54442 0 0 0 0 0.45518 0.53945 0 0.39231 0.26834 0.56087 1.0305 0.40616 0.7266 0.68718 0 0 0 0 0.48459 0.14214 0.47867 0.24162 0.40736 0 0.32351 0.33935 0 0.29385 0.31998 0.38861 0.2378 0.19338 0 0.29807 0 0 0.41862 0 0.41772 0 0.28267 0 0 0 0 0 0.43703 0.55498 0.71582 0.15393 0.69847 0 0 0.33883 0 0.1298 0 0.19689 0.3444 0 0.22985 0.29374 0.2732 0.37816 0.59796 0.32602 0.45752 0.18763 0 0 0 0 0.28181 0 0 0 0.40059 0 0.13305 0.192 0 0 0 0.34042 0.22625 0.37683 0 0 0 0.47397 0.19777 0.25068 0 0 0 0.41946 0 0.38986 0.24489 0.45239 0.64028 0.15913 0.28669 0 0 0 0.33072 0.47759 0.52982 0.38007 0.12542 0.48634 0.66821 0.46882
0 0 0.24559 0.56615 0.44104 0 0.48933 0 1.1918 0.47197 0 0.33429 0.22947 0.27795 0 0 0.17385 0.55781 0 0 0 0 0.39658 0 0.55702 0.31319 0 0 0 0 0.52649 0.3079 0.3636 0 0 0 0 0 0 0.20853 0.303 0.37591 0 0 0.14888 0 0.14152 0.21561 0.29262 0.18463 0.23536 0 0 0.23583 0 0 0 0.31714 0.1744 0.28395 0.26213 0 0.66561 0 0 0.34957 0.13494 0.56716 0 0 0 0 0 0 0 0 0.20586 0 0.44235 0 0 0 0 0 0.32562 0.19659 0 0 0 0 0 0 0 0 0 0.1453 0 0.42592 0 0 0.14106 0.19695 0.28805 0 0 0 0 0 0.12262 0.37861 0 0.62147 0 0.27715 0 0 0 0 0 0.24834 0.30323 0.28875 0.16157 0 0.38084 0
0 0 0.43081 0.56686 0.71274 0.18718 0.89109 1.1918 0 0.40372 0 0.46811 0 0.19856 0 0 0.26909 0.60375 0 0.16991 0 0.27945 0.75866 0 0.79767 0.52926 0 0 0 0 0.58917 0.24416 0.46487 0 0.16058 0 0 0 0 0.2911 0.20864 0.44786 0.15023 0 0.14428 0 0 0.22257 0.24968 0.12962 0.26556 0 0 0 0 0 0 0.25787 0.43799 0.43049 0.49498 0 0.99383 0 0 0.33025 0 0.3877 0 0 0.15517 0.1232 0 0 0 0.18152 0.46567 0 0.59865 0.18954 0 0 0 0 0.3779 0.23774 0.14263 0 0 0 0 0 0 0 0 0.18986 0 0.50788 0 0 0.17971 0.27797 0.29103 0.26335 0 0 0 0 0.20475 0.37667 0.2128 0.68383 0.23065 0.31833 0.14583 0 0 0 0.1381 0.42405 0.5217 0.47093 0.2373 0.25438 0.55287 0.2686
0 0 0 0 0 0 0.13122 0.47197 0.40372 0 0.42215 0 0 0.4879 0.33256 0 0 0 0 0 0 0 0 0 0.25077 0 0 0.69732 0.56123 0.65358 0.63721 0.35764 0.34925 0 0 0.18727 0 0 0 0 0 0.19928 0 0 0 0 0.62367 0 0 0.20544 0 0.38362 0 0 0 0 0 0 0 0 0.39075 0 0.52899 0.99144 0.57288 0 0 0.3205 0.41693 0 0 0 0 0 0 0 0 0 0 0 0 0.56114 0.45117 0.67833 0.41916 0.39092 0.34194 0 0 0.21513 0 0 0 0.34251 0 0.20573 0 0 0.38091 0.49602 0.37594 0.20213 0 0.36395 0 0 0.38987 0 0.17629 0 0.15585 0.32023 0 0.50345 0 0 0.34761 0.29706 0.21914 0 0 0.51926 0.53342 0.22913 0 0
0 0 0 0 0 0 0 0 0 0.42215 0 0 0.29315 0.45109 0.1523 0.34282 0 0 0 0 0 0 0 0 0 0 0.12353 0.71012 0.45591 0.73316 0 0 0 0 0 0.46409 0 0 0 0 0 0 0 0.2506 0 0 0.47853 0 0 0 0 0.579 0 0 0 0 0 0 0 0 0 0 0 0.52908 0.73496 0 0 0.22677 0.4817 0 0 0 0 0 0 0 0 0 0 0 0.38827 0.75736 0.27747 0.79348 0 0.21416 0.13818 0.19246 0 0.52011 0 0 0 0.74955 0.25283 0 0 0 0.22366 0.29053 0 0 0 0 0 0 0.52009 0 0 0 0 0 0 0.14344 0 0 0.88031 0.77476 0 0 0 0 0 0 0 0
0.19858 0 0.49248 1.1649 0.78529 0.16136 0.54442 0.33429 0.46811 0 0 0 0 0.15005 0 0 0.47458 0.68769 0 0 0.20862 0.44947 0.39867 0 0.72522 0.69257 0.18982 0 0 0 0.31553 0.22311 0.49888 0.23444 0.61501 0 0.48511 0.49998 0 0.15922 0.24661 0 0.19246 0 0 0.23636 0 0 0.38299 0 0.22944 0 0.26579 0 0 0 0 0.78764 0.2801 0.38959 0.18582 0.3148 0.34902 0 0 0.9345 0.29637 0.28102 0 0.3134 0.2662 0.21965 0.13017 0 0 0.25776 0.14633 0 0.52338 0.31722 0 0 0 0 0.28082 0 0.19015 0 0.48513 0 0.43103 0.54425 0 0 0 0 0.22173 0.51794 0 0 0.15793 0.23233 0.33094 0.15236 0 0 0 0.22692 0 0.34183 0 0.28127 0.35145 0 0.30769 0 0 0 0 0.2326 0.52182 0.32687 0 0.23658 0.30232 0.42917
0 0 0 0.29804 0 0 0 0.22947 0 0 0.29315 0 0 0.3944 0.24956 0.57878 0 0 0.16676 0 0 0 0 0 0.25042 0 0 0 0 0.13697 0.40188 0 0 0 0.29017 0.17929 0 0.23869 0.18592 0 0.13406 0 0 0.14526 0 0.13202 0 0 0.21966 0 0 0.28796 0 0.32359 0 0 0 0.25055 0 0 0 0 0 0 0.28819 0.34139 1.1213 0.48922 0.34086 0.49479 0 0 0.29762 0 0 0 0 0 0.37229 0 0 0.13162 0.22773 0.13808 0.29296 0 0 0.16816 0.13024 0 0.18661 0.1234 0 0 0 0 0 0 0 0 0 0 0 0 0.1291 0 0 0 0 0 0 0 0 0 0 0 0 0 0 0 0 0 0 0 0 0
0 0 0 0.27659 0 0 0 0.27795 0.19856 0.4879 0.45109 0.15005 0.3944 0 0 0 0 0 0 0 0 0 0 0 0.28321 0 0 0.59117 0.13635 0.72882 0.56917 0 0.37176 0.3267 0.16667 0.40725 0.16998 0.22706 0.20568 0 0 0 0 0 0 0 0.26251 0 0 0 0 0.27753 0 0 0 0 0 0 0 0 0 0 0 0.45139 0.68792 0 0.21166 0.8039 0 0 0 0 0 0 0 0 0 0 0.24772 0 0.30479 0.70979 0 0.68047 0.3363 0.48215 0.12159 0.16059 0 0.35664 0 0 0 0.35286 0.19464 0 0 0.15667 0 0 0 0 0 0 0 0 0.68274 0 0.33458 0 0 0 0 0 0 0 0.49235 0.38506 0.14853 0 0.18742 0.34327 0 0 0 0
0 0 0 0 0 0.44845 0 0 0 0.33256 0.1523 0 0.24956 0 0 0.58075 0 0 0.52336 0.28664 0 0 0 0.35302 0 0 0 0 0.58395 0 0 0 0 0 0 0 0 0 0 0 0 0 0 0 0 0 0 0 0 0 0 0 0 0 0 0.16522 0 0 0 0 0.22949 0 0 0.28862 0 0 0.14656 0 0.74761 0.34001 0 0 0.49857 0.35556 0 0 0 0 0 0 0 0 0.52534 0 0 0 0 0.15404 0 0 0 0 0 0 0 0 0 0 0 0.15017 0 0.13995 0 0 0 0 0 0.32699 0 0 0.19901 0 0.18639 0 0 0 0 0 0 0 0 0 0 0 0 0
0 0 0 0 0 0.34284 0 0 0 0 0.34282 0 0.57878 0 0.58075 0 0 0 1.0994 0.19178 0 0 0 0.33866 0 0 0 0 0.49222 0 0.12111 0 0 0 0 0.24018 0 0.15558 0 0 0 0 0 0.38846 0 0.19222 0 0 0 0 0 0.45317 0 0 0 0.13811 0 0 0 0 0 0.22586 0 0.22052 0 0 0.65016 0 0.92735 1.1868 0 0 0.98481 0.21873 0 0 0 0 0 0 0 0 0.72494 0.13474 0.17022 0 0 0.3618 0.45245 0 0.20223 0 0 0 0 0 0 0 0 0 0 0 0 0 0.22061 0 0 0.25869 0 0 0 0 0.24 0 0.18418 0 0 0 0 0 0 0 0 0 0 0
0.5209 0.34715 0.57093 0.44936 0.78288 0.33867 0.45518 0.17385 0.26909 0 0 0.47458 0 0 0 0 0 0.60586 0 0.30464 0.9527 0.68806 0.71281 0.33319 0.30772 0.55954 0 0 0 0 0 0 0 0 0.22217 0 0.14965 0 0 0.28197 0.57266 0 0.45992 0 0 0.38053 0 0 0.60671 0 0.34796 0 0.16534 0.1773 0.35794 0 0.47147 0.50819 0.59559 0.89313 0.16748 0 0.19307 0 0 0.63221 0.1319 0 0 0.28476 1.4233 0.18889 0.20651 0.20482 0.39821 0.37652 0.69386 0.45694 0.35252 0.55648 0 0 0 0 0 0 0 0 0.26919 0 0.2013 0.19742 0 0 0 0 0.34529 0.1646 0 0 0 0.28653 0.39243 0 0 0 0 0 0 0.32803 0.43816 0.27593 0.70153 0 0.17538 0.13828 0 0 0 0 0.21028 0 0 0.19543 0.3899 0.51328
0.18479 0 0.52854 0.93908 0.68421 0 0.53945 0.55781 0.60375 0 0 0.68769 0 0 0 0 0.60586 0 0 0 0.3048 0.7419 0.68635 0 0.70189 1.041 0.18028 0 0 0 0.31038 0.12413 0.43056 0.2746 0.55952 0 0.5073 0.37196 0.26294 0.60548 0.39882 0.24522 0.28556 0 0 0.15499 0 0.39553 0.46523 0.13648 0.34182 0 0.1362 0.18456 0 0 0 0.74528 0.3031 0.51357 0.14598 0 0.34547 0 0 0.71964 0 0.38006 0 0 0.37245 0.32523 0 0 0 0.40603 0.40692 0.17637 0.71233 0.60421 0 0 0 0 0.2099 0.2381 0.17186 0 0.21666 0 0.25131 0.44576 0 0 0 0 0.4127 0.55895 0 0 0.21002 0.44548 0.58916 0 0 0.15515 0 0 0.22968 0.51148 0 0.57306 0.24966 0.19177 0.22208 0.1494 0 0 0 0.30244 0.57614 0.34402 0 0.30193 0.75293 0.57155
0 0 0 0 0 0.40331 0 0 0 0 0 0 0.16676 0 0.52336 1.0994 0 0 0 0.32529 0 0 0 0.4518 0 0 0.21763 0 0.46198 0 0 0 0 0 0 0.21074 0 0.32418 0 0 0 0 0 0.2725 0 0.12492 0 0 0 0 0 0.24697 0.17475 0 0.21314 0.23375 0 0 0 0 0.1683 0.38939 0 0 0 0 0.31847 0 0.79722 0.73406 0 0 1.1632 0.44146 0.17274 0 0 0 0 0 0 0 0.61751 0 0 0 0 0.40236 0.57177 0.12396 0.32417 0.17274 0.19237 0 0 0.13278 0 0 0 0 0 0 0 0 0.1314 0 0 0.4756 0 0 0 0 0.28826 0 0 0 0 0 0.19799 0 0 0 0 0.18583 0 0
0 0.25144 0 0 0 0.50489 0.39231 0 0.16991 0 0 0 0 0 0.28664 0.19178 0.30464 0 0.32529 0 0.53522 0.25855 0.28757 0.56123 0 0.20004 0 0 0 0 0 0.22241 0 0 0.15349 0 0 0 0 0 0.24044 0.4729 0.21877 0.2079 0 0 0 0 0.2661 0.35066 0 0 0 0.43459 0.21629 0.46487 0 0 0.2097 0.40839 0.42745 0 0.2554 0 0 0 0 0 0.12245 0.33501 0.36005 0 0.48167 0.67359 0.41277 0.16695 0.12084 0.28395 0 0.1462 0 0 0.16515 0 0 0 0 0 0.4157 0 0.13911 0 0 0 0 0.26263 0.13062 0 0 0 0 0.18385 0.20943 0 0.18596 0 0 0.30044 0 0.16221 0.24009 0 0.35953 0 0 0.14569 0 0 0.23346 0.18391 0 0 0 0.22954 0 0
0.79466 0.67825 0.47207 0 0.49946 0.40259 0.26834 0 0 0 0 0.20862 0 0 0 0 0.9527 0.3048 0 0.53522 0 0.66807 0.44444 0.52454 0 0.29318 0 0 0 0 0 0.2005 0 0 0.18966 0 0.18551 0 0 0.24094 0.5495 0.35491 0.55211 0 0.20038 0.1973 0 0 0.49663 0.17664 0.21175 0 0.12671 0.28144 0.71977 0.49419 0.62758 0.28701 0.63168 0.73276 0 0.22963 0 0 0 0.3384 0 0 0 0.21765 0.96747 0.23127 0.26601 0.3533 0.79902 0.4189 0.39505 0.57863 0 0.44791 0 0 0 0 0 0 0 0 0.35088 0 0.28287 0.24713 0.24599 0 0 0.17378 0.45029 0 0 0 0 0 0.31603 0 0 0 0 0.20562 0 0.25906 0.2827 0 0.57341 0 0 0.21577 0 0 0 0 0 0 0 0.2384 0 0.25361
0.4921 0.46933 0.46575 0.47531 0.59592 0 0.56087 0 0.27945 0 0 0.44947 0 0 0 0 0.68806 0.7419 0 0.25855 0.66807 0 0.58949 0.2173 0.2142 0.98051 0.2476 0 0 0 0 0 0.14616 0.32077 0.67778 0 0.92753 0.56387 0.31307 0.5599 0.57077 0.26926 0.416 0 0 0.38276 0 0.2895 0.6455 0 0.2981 0 0.43679 0 0.28567 0 0.31603 0.4496 0.53701 0.71248 0 0.24709 0.20841 0 0 0.44531 0 0 0 0 0.52091 0.28876 0 0.15914 0.47583 0.84145 0.50909 0.61312 0.32167 0.72508 0 0 0 0 0 0 0 0 0.49569 0 0.56731 0.78876 0.16424 0 0 0.29266 0.47359 0.28397 0 0 0 0.30096 0.21422 0 0 0 0 0.2533 0.14054 0.28593 0 0 0.52167 0 0.17686 0 0 0 0.27856 0.33663 0.435 0 0 0.26943 0.51338 0.54043
0.36557 0.31966 0.59326 0.41215 1.0028 0.43574 1.0305 0.39658 0.75866 0 0 0.39867 0 0 0 0 0.71281 0.68635 0 0.28757 0.44444 0.58949 0 0.49216 0.65987 0.75098 0 0 0 0 0.265 0.15076 0.42013 0 0.12771 0 0 0 0 0.36696 0.31115 0.37859 0.33644 0 0 0.17407 0 0.16449 0.29521 0 0.43378 0 0.21971 0 0 0 0.2708 0.23965 0.70642 0.68532 0.58501 0.2151 0.59962 0 0 0.36443 0 0 0 0 0.65251 0.27679 0 0.14621 0.28542 0.45986 1.0959 0.4704 0.59824 0.57137 0 0 0 0 0.23087 0 0.25905 0 0 0 0 0 0 0 0 0.2239 0.37453 0.40687 0.15348 0 0.19169 0.51921 0.41475 0.27926 0 0 0 0.21856 0.16563 0.48971 0.40327 0.57088 0.65566 0.42888 0.26798 0.13152 0 0 0.17943 0.43765 0.49218 0.40238 0.28152 0.49345 0.63668 0.69207
0.34859 0.39579 0 0 0.1593 0.80168 0.40616 0 0 0 0 0 0 0 0.35302 0.33866 0.33319 0 0.4518 0.56123 0.52454 0.2173 0.49216 0 0 0 0 0 0.26021 0 0 0 0 0 0 0 0 0 0 0 0.25725 0.16728 0.21294 0.20654 0 0.20762 0 0 0.19243 0 0.14008 0 0.32665 0 0.37405 0.64009 0.24398 0 0.33484 0.47844 0.50076 0.41745 0.19794 0 0 0 0 0 0.24351 0.46573 0.52374 0 0.60364 0.4857 0.53706 0.25041 0.46831 0.82844 0 0.19496 0 0 0.37709 0 0 0 0.13633 0.12272 0.29188 0 0 0 0 0 0 0.36343 0.20182 0 0 0 0 0.20333 0 0.14242 0 0 0 0.49772 0 0.18203 0.48423 0 0.6964 0.16246 0 0 0 0 0.3016 0.16394 0 0 0 0.3116 0 0.22662
0 0 0.47552 0.82808 0.54343 0 0.7266 0.55702 0.79767 0.25077 0 0.72522 0.25042 0.28321 0 0 0.30772 0.70189 0 0 0 0.2142 0.65987 0 0 0.80498 0 0 0 0 0.94221 0 0.47682 0 0.4615 0 0.14362 0.27907 0 0.20731 0 0 0 0 0 0 0 0.16634 0.21762 0 0.24526 0 0 0 0 0 0 0.29761 0.15974 0.20747 0.41886 0 0.56916 0 0 0.47005 0.22585 0.31142 0 0.12697 0.15566 0.33157 0 0.16052 0 0.16578 0.36142 0 0.99966 0.25955 0 0 0 0 0.61675 0 0 0 0.18493 0 0 0 0 0 0 0 0 0.45682 0.12284 0 0.32284 0.41724 0.29707 0.2077 0 0.14476 0 0.15763 0.25479 0.36296 0 0.6126 0.30962 0.26068 0.19086 0 0 0 0 0.47714 0.56073 0.65818 0.20495 0.49555 0.60647 0.31047
0 0.14768 0.4124 0.91599 0.58689 0 0.68718 0.31319 0.52926 0 0 0.69257 0 0 0 0 0.55954 1.041 0 0.20004 0.29318 0.98051 0.75098 0 0.80498 0 0.211 0 0 0 0.37921 0 0.45706 0.32361 0.80167 0 0.74372 0.66333 0.34535 0.48957 0.49072 0.16571 0.16477 0.13803 0 0.34098 0 0.30226 0.55633 0 0.39249 0 0.33564 0 0 0 0 0.55426 0.36187 0.63865 0.22197 0 0.38492 0 0 0.67686 0.25859 0.16575 0 0 0.39091 0.56553 0 0.14414 0.20583 0.73006 0.50926 0.32686 0.89976 0.92831 0 0 0 0 0.3131 0 0.16689 0 0.5146 0 0.41361 0.65758 0 0 0 0.15699 0.43198 0.57622 0 0 0.20799 0.54068 0.34533 0 0 0 0 0.37379 0.32472 0.45435 0.13033 0.33448 0.52777 0 0.24686 0 0 0 0.21084 0.63737 0.8135 0.25799 0 0.45296 0.67423 0.51767
0.23177 0.19584 0 0.22388 0.13291 0.1436 0 0 0 0 0.12353 0.18982 0 0 0 0 0 0.18028 0.21763 0 0 0.2476 0 0 0 0.211 0 0 0 0 0 0.24535 0.48278 0.66715 0.22529 0.37845 0.45399 0.53144 0.50809 0.19521 0.17719 0.28825 0.25469 0.28074 0.17949 0 0 0 0.16005 0.22355 0 0 0.4787 0 0.32782 0.16173 0.14918 0.18811 0 0.21826 0 0.58677 0 0 0 0 0 0.19559 0 0 0 0.12628 0 0 0.14089 0.19837 0 0.31165 0 0.28862 0.70719 0 0 0 0 0.26162 0.3928 0.44434 0.3704 0.4224 0.38301 0.53305 0.58953 0.26094 0.40564 0.60774 0.6297 0.24343 0 0.2094 0.24989 0.18941 0.31317 0.17645 0 0 0 0.21873 0 0.19448 0 0 0 0 0.34823 0 0.21582 0 0.42183 0.3681 0.21646 0 0 0.14329 0 0
0 0 0 0 0 0 0 0 0 0.69732 0.71012 0 0 0.59117 0 0 0 0 0 0 0 0 0 0 0 0 0 0 0.35608 0.98279 0.1227 0.18256 0.24651 0 0 0.42465 0 0 0 0 0 0 0 0 0 0 0.48143 0 0 0 0 0.3774 0 0 0 0 0 0 0 0 0 0 0 0.74647 0.78822 0 0 0.28791 0.26329 0 0 0 0 0 0 0 0 0 0 0 0.44038 1.0983 0.16992 1.073 0 0.60773 0.23462 0 0 0.51703 0 0 0 0.83045 0.40315 0 0 0 0.22959 0.29314 0 0 0 0 0 0 0.84237 0 0.16361 0 0 0 0 0.22435 0 0 0.87825 0.86637 0 0 0 0.2016 0.2521 0 0 0
0 0 0 0 0 0.13796 0 0 0 0.56123 0.45591 0 0 0.13635 0.58395 0.49222 0 0 0.46198 0 0 0 0 0.26021 0 0 0 0.35608 0 0.59082 0.26728 0 0 0 0 0.43586 0 0 0 0 0 0 0 0.25597 0 0 0.27089 0 0 0.2073 0 0.54029 0 0 0.14071 0.45572 0 0 0 0 0 0.15402 0.1318 0.64994 0.60029 0 0 0 0.77476 0.15425 0 0 0.35237 0 0.16458 0 0 0 0 0 0.17594 0.38548 1.2333 0.72681 0.39187 0 0.33696 0.41859 0 0.42024 0 0 0.17094 0.40065 0 0.29357 0 0 0 0.38804 0.18382 0 0 0.16253 0 0 0.20244 0.14047 0 0 0 0 0 0 0 0 0.42563 0.2267 0.2695 0 0 0 0.19948 0.18411 0 0
0 0 0 0 0 0 0 0 0 0.65358 0.73316 0 0.13697 0.72882 0 0 0 0 0 0 0 0 0 0 0 0 0 0.98279 0.59082 0 0.35131 0 0.18579 0 0 0.45619 0 0 0 0 0 0 0 0 0 0 0.39122 0.16412 0 0.15448 0 0.52918 0 0 0 0 0 0 0 0 0 0 0 0.59498 1.0464 0 0 0.27551 0.29123 0 0 0 0 0 0 0 0 0 0 0 0.42165 0.96196 0.38942 1.7758 0.21717 0.42948 0.21174 0.13504 0 0.46628 0 0 0 0.76798 0.26645 0 0 0 0 0.3184 0 0 0 0 0 0 0.90128 0 0.34915 0 0 0 0 0.13182 0 0 0.82604 0.62317 0.15896 0 0 0.18431 0.2445 0 0 0
0 0 0.15067 0.48231 0.16237 0 0.48459 0.52649 0.58917 0.63721 0 0.31553 0.40188 0.56917 0 0.12111 0 0.31038 0 0 0 0 0.265 0 0.94221 0.37921 0 0.1227 0.26728 0.35131 0 0.13797 0.44496 0.19079 0.33623 0.17528 0 0.22901 0.19608 0.21892 0.14053 0 0 0.20678 0 0 0.27232 0.32455 0.13628 0.28189 0.15264 0.23768 0 0 0 0 0 0 0 0 0.29515 0 0.51806 0.30219 0.38401 0.1922 0.30036 0.44585 0 0.13038 0 0.30269 0 0 0 0 0 0 0.56206 0 0 0.23555 0.31999 0.27291 1.0258 0 0.31513 0.23913 0.14716 0 0 0 0 0 0 0 0 0.34622 0.15422 0 0.32632 0.39102 0 0.24715 0 0 0 0 0.45629 0.39186 0 0.40777 0 0.24677 0.13924 0 0 0 0.1531 0.47085 0.31531 0.56105 0.26717 0.4805 0.35424 0
0.25895 0.22949 0.13545 0 0.27609 0.25743 0.14214 0.3079 0.24416 0.35764 0 0.22311 0 0 0 0 0 0.12413 0 0.22241 0.2005 0 0.15076 0 0 0 0.24535 0.18256 0 0 0.13797 0 0.45791 0.1466 0 0 0 0 0 0 0 0.45555 0.43572 0 0.49171 0 0.19212 0 0 0.38468 0 0 0 0.16836 0.34333 0.30382 0.29954 0 0.234 0 0.30383 0.37075 0.31415 0.18199 0 0 0 0.24568 0 0 0 0 0 0 0.21557 0 0 0 0 0 0.29298 0 0 0 0 0.48423 0.59247 0 0 0 0 0 0 0 0 0.36888 0.37014 0.39983 0.43388 0.38402 0.24938 0 0.61527 0.44503 0 0 0 0 0 0.32691 0.17134 0.34264 0 0.16796 0 0.24335 0 0 0.22585 0.19012 0 0.16021 0.31567 0.34777 0 0
0 0 0 0.50673 0.42984 0.13476 0.47867 0.3636 0.46487 0.34925 0 0.49888 0 0.37176 0 0 0 0.43056 0 0 0 0.14616 0.42013 0 0.47682 0.45706 0.48278 0.24651 0 0.18579 0.44496 0.45791 0 0.44485 0.22828 0.29759 0.2029 0.30087 0.20689 0.35802 0 0.42576 0.15573 0.33214 0.2163 0.13083 0.40974 0.24449 0 0.19735 0.23056 0 0.40844 0 0 0 0 0.28518 0.29129 0 0.42862 0.45781 0.60105 0.35258 0 0.3221 0 0.42599 0 0 0 0.35341 0 0 0.15485 0.3297 0.14932 0 0.37241 0.20572 0.36339 0.18627 0 0 0.44086 0.48479 0.79297 0.25015 0.29286 0.24442 0 0.22963 0 0 0.12751 0.52825 0.56547 0.8645 0.42327 0.39482 0.41791 0.44301 0.47815 0.42549 0 0 0.24239 0 0.17649 0.47592 0.19559 0.29287 0.24327 0.5609 0.3786 0 0 0 0.46195 0.67621 0.61637 0.61102 0.32696 0.63128 0.35605 0.295
0 0 0 0.19213 0 0 0.24162 0 0 0 0 0.23444 0 0.3267 0 0 0 0.2746 0 0 0 0.32077 0 0 0 0.32361 0.66715 0 0 0 0.19079 0.1466 0.44485 0 0.52567 0.69691 0.65046 0.83035 0.56213 0.21997 0 0.15938 0.13964 0.30762 0 0 0 0 0 0.17926 0 0 0.5034 0 0 0 0 0 0 0 0.21585 0.26417 0 0 0 0 0 0.3228 0 0 0 0 0 0 0 0.13509 0 0 0 0 0.53535 0 0 0 0 0.24015 0.19869 0.69605 0.47419 0.84778 0.37497 0.51595 0.56725 0.27264 0.41676 0.54271 0.48165 0.30644 0 0.23855 0 0.20245 0.24 0.14745 0 0 0.20795 0.17472 0 0 0 0 0 0 0.15181 0 0.21125 0.12325 0.41219 0.44847 0.41511 0 0 0.1815 0 0.16092
0 0 0.12311 0.5939 0.18307 0 0.40736 0 0.16058 0 0 0.61501 0.29017 0.16667 0 0 0.22217 0.55952 0 0.15349 0.18966 0.67778 0.12771 0 0.4615 0.80167 0.22529 0 0 0 0.33623 0 0.22828 0.52567 0 0.28689 1.0592 1.044 0.46271 0.19578 0.28145 0 0 0.22869 0 0.27592 0 0 0.49804 0 0.18597 0 0.1838 0 0 0 0 0.39106 0 0.25404 0 0 0.13522 0 0 0.50641 0.41838 0.23302 0 0.23414 0 0.3772 0.18164 0.14103 0.12218 0.28529 0 0 0.38905 0.34055 0 0 0 0 0.23566 0 0 0.37472 0.86994 0.12518 0.81256 0.93689 0.20136 0 0 0.1394 0.15748 0.24558 0 0 0 0.19709 0 0 0 0 0 0.34419 0 0.16397 0 0 0.21425 0 0.28251 0 0 0 0.26816 0.25815 0.32159 0 0 0.17274 0.30405 0
0 0 0 0 0 0 0 0 0 0.18727 0.46409 0 0.17929 0.40725 0 0.24018 0 0 0.21074 0 0 0 0 0 0 0 0.37845 0.42465 0.43586 0.45619 0.17528 0 0.29759 0.69691 0.28689 0 0.24276 0.48309 0.68544 0 0 0 0 0.52461 0 0 0.28503 0 0 0.24948 0 0.35187 0.20143 0 0 0.12583 0 0 0 0 0 0.16177 0 0.29392 0.38582 0 0 0.1961 0.3131 0 0 0 0 0 0 0 0 0 0 0 0.61725 0.46094 0.28435 0.47576 0 0.13104 0.28273 0.93543 0.33429 1.1159 0.14222 0.21782 0.42061 0.46805 0.37666 0.50126 0.20468 0 0 0.32988 0.19077 0 0 0 0.13273 0 0.37457 0 0.18142 0 0 0 0 0 0.15812 0 0.50463 0.3873 0.40105 0.21231 0 0 0 0 0 0
0 0 0 0.44433 0.15738 0 0.32351 0 0 0 0 0.48511 0 0.16998 0 0 0.14965 0.5073 0 0 0.18551 0.92753 0 0 0.14362 0.74372 0.45399 0 0 0 0 0 0.2029 0.65046 1.0592 0.24276 0 1.2118 0.51355 0.2127 0.27882 0 0 0 0 0.26463 0 0 0.42873 0 0 0 0.39956 0 0 0 0 0.36976 0 0.24809 0 0.18426 0 0 0 0.37297 0.23159 0.18347 0 0 0 0.19928 0 0 0.17128 0.53831 0 0.24806 0.21219 0.37365 0.23941 0 0 0 0 0 0 0.33482 0.71649 0.16598 1.1146 1.3783 0.34928 0 0.14498 0.23798 0.21891 0.19838 0 0 0 0 0 0 0 0 0 0.41437 0 0 0 0 0.21077 0 0.15484 0 0 0 0.35421 0.22232 0.35485 0 0 0 0.29954 0.18743
0 0 0 0.45816 0 0 0.33935 0 0 0 0 0.49998 0.23869 0.22706 0 0.15558 0 0.37196 0.32418 0 0 0.56387 0 0 0.27907 0.66333 0.53144 0 0 0 0.22901 0 0.30087 0.83035 1.044 0.48309 1.2118 0 0.71913 0 0.24995 0 0 0.28503 0 0.21668 0 0 0.41356 0.14343 0 0 0.35685 0 0.12327 0 0 0.20367 0 0.25937 0 0.18499 0 0 0 0.28518 0.33622 0.25278 0 0.22675 0 0.32246 0.27202 0.28797 0.183 0.28941 0 0.16464 0.19738 0.25725 0.21458 0 0 0 0 0 0 0.65416 0.81861 0.30946 0.83277 0.99375 0.38723 0 0 0.29129 0.27828 0.24657 0 0 0 0.23439 0 0 0 0 0 0.41831 0 0.16778 0 0 0.30614 0 0.28791 0 0 0 0.28603 0.3667 0.35211 0 0 0.18812 0.20013 0.14371
0 0.12623 0 0.28209 0 0 0 0 0 0 0 0 0.18592 0.20568 0 0 0 0.26294 0 0 0 0.31307 0 0 0 0.34535 0.50809 0 0 0 0.19608 0 0.20689 0.56213 0.46271 0.68544 0.51355 0.71913 0 0.25549 0.32241 0 0 0.2615 0 0 0 0.28863 0.3626 0.28414 0 0 0.20987 0 0 0 0 0 0 0.14475 0 0 0 0 0 0 0.15069 0 0 0 0 0.33572 0 0.12587 0.19336 0.13862 0 0.2642 0 0.19644 0.33716 0.19223 0 0 0 0 0.15802 0.56682 0.2487 0.40833 0.25181 0.52354 0.39272 0.22934 0.43565 0.28888 0.31737 0.12157 0 0 0.30921 0.32434 0 0 0 0 0 0.12242 0.26684 0 0 0 0 0 0.19942 0 0.236 0.19581 0.20501 0.44383 0.28444 0 0 0.21952 0.20853 0.13046
0.26914 0.27454 0.31504 0.39978 0.38884 0 0.29385 0.20853 0.2911 0 0 0.15922 0 0 0 0 0.28197 0.60548 0 0 0.24094 0.5599 0.36696 0 0.20731 0.48957 0.19521 0 0 0 0.21892 0 0.35802 0.21997 0.19578 0 0.2127 0 0.25549 0 0.52535 0.32387 0.39837 0.15319 0.31742 0 0.2958 1.0746 0.47051 0.38142 0.27308 0 0.29277 0.13167 0.19654 0 0.19715 0.36287 0.46463 0.2699 0 0 0.25989 0 0 0.29218 0 0 0 0 0.1887 0.3238 0 0 0.23402 0.53686 0.39422 0.27439 0.29753 0.42829 0 0 0 0 0.2007 0.26611 0.34465 0 0 0 0 0.23453 0.14833 0 0.26485 0.22873 0.51616 0.51394 0.17411 0 0 0.39026 0.46571 0.22026 0 0 0 0 0.36722 0.4557 0.13345 0.22918 0.21834 0.18031 0 0.27954 0 0 0 0.47528 0.45814 0.32292 0.1458 0.41209 0.49544 0.44766
0.45095 0.49106 0.2149 0.52381 0.39872 0.15093 0.31998 0.303 0.20864 0 0 0.24661 0.13406 0 0 0 0.57266 0.39882 0 0.24044 0.5495 0.57077 0.31115 0.25725 0 0.49072 0.17719 0 0 0 0.14053 0 0 0 0.28145 0 0.27882 0.24995 0.32241 0.52535 0 0.19524 0.33496 0 0 0.32149 0 0.48483 1.124 0.1347 0.33796 0 0.26838 0.17597 0.40708 0.28226 0.29114 0.47438 0.3403 0.6199 0 0 0.15496 0 0 0.57119 0.3607 0 0 0.25275 0.55523 0.38471 0.20491 0 0.58858 0.54152 0.3347 0.51689 0.25577 0.51123 0 0 0 0 0.22667 0 0.20186 0 0.37971 0 0.33604 0.44028 0.12197 0 0 0.2201 0.38691 0.32904 0 0 0 0.35155 0.18891 0 0 0 0 0 0 0.48167 0 0 0.52265 0 0.20277 0 0 0 0 0.30444 0.26893 0 0 0.31057 0.30191 0.38033
0.31157 0.35529 0.23451 0 0.35661 0.25984 0.38861 0.37591 0.44786 0.19928 0 0 0 0 0 0 0 0.24522 0 0.4729 0.35491 0.26926 0.37859 0.16728 0 0.16571 0.28825 0 0 0 0 0.45555 0.42576 0.15938 0 0 0 0 0 0.32387 0.19524 0 0.29828 0.12978 0.19617 0 0.22954 0.19745 0.13032 0.3776 0.17768 0 0 0 0.25285 0.35477 0.25365 0 0.38459 0.16604 0.25944 0.3044 0.42291 0 0 0 0 0.1934 0 0 0 0 0 0 0.35272 0.23812 0 0.17293 0 0.16085 0.28427 0 0 0 0.15427 0.42954 0.41434 0 0 0 0 0 0.16482 0 0.19301 0.56868 0.40963 0.30965 0 0 0.21921 0.27539 0.35786 0.23723 0 0 0.1361 0.14478 0 0.27277 0 0.27706 0 0.17089 0 0.15895 0 0 0.43542 0.38662 0.22917 0.14767 0.38928 0.29264 0.16531 0.14816
0.56416 0.44906 0.44903 0.12799 0.45929 0.26994 0.2378 0 0.15023 0 0 0.19246 0 0 0 0 0.45992 0.28556 0 0.21877 0.55211 0.416 0.33644 0.21294 0 0.16477 0.25469 0 0 0 0 0.43572 0.15573 0.13964 0 0 0 0 0 0.39837 0.33496 0.29828 0 0.14266 0.29684 0.15424 0 0.1961 0.25769 0.33707 0.28863 0 0.17362 0 0.59026 0.34898 0.52896 0.13211 0.60808 0.36837 0.26495 0.32771 0.26615 0 0 0 0 0 0 0 0.43968 0 0 0 0.55236 0.12694 0.21505 0.39404 0 0 0 0 0 0 0 0.15968 0.22736 0 0.21395 0 0 0 0.21728 0 0 0.38765 0.48304 0.17408 0.22379 0.24067 0.23547 0.27521 0.50131 0.43687 0.14849 0 0 0 0 0.35894 0.30247 0.22747 0.43487 0.1852 0.36062 0.14763 0 0 0.18582 0.21093 0 0 0 0.31168 0.22676 0.25992
0 0 0 0 0 0.1495 0.19338 0 0 0 0.2506 0 0.14526 0 0 0.38846 0 0 0.2725 0.2079 0 0 0 0.20654 0 0.13803 0.28074 0 0.25597 0 0.20678 0 0.33214 0.30762 0.22869 0.52461 0 0.28503 0.2615 0.15319 0 0.12978 0.14266 0 0 0.26677 0.41544 0 0.18899 0.29724 0.21296 0.42756 0.28193 0 0.18187 0.20416 0 0 0.15872 0 0.21659 0.2733 0 0 0 0 0.22879 0 0.21907 0.42939 0 0.13373 0.35404 0 0.25845 0 0 0.22121 0 0 0.22875 0 0.24413 0 0.14108 0 0.21511 0.44291 0.34496 0.30047 0 0 0.18284 0 0 0.43699 0.14588 0 0 0.13105 0.26564 0.19893 0 0.12951 0.1549 0 0 0 0 0 0.13244 0 0.31876 0.14304 0.52365 0 0.12195 0 0.27761 0.23696 0 0 0 0.2402 0 0
0.33419 0 0 0 0.2322 0 0 0.14888 0.14428 0 0 0 0 0 0 0 0 0 0 0 0.20038 0 0 0 0 0 0.17949 0 0 0 0 0.49171 0.2163 0 0 0 0 0 0 0.31742 0 0.19617 0.29684 0 0 0.22262 0 0.19688 0 0.17517 0 0 0 0 0.16691 0.18969 0.30634 0 0.25848 0 0 0.20325 0 0 0 0 0 0 0 0 0 0 0 0 0.19425 0.21884 0.20099 0.1742 0 0 0 0 0 0 0 0.25791 0.21099 0 0 0 0 0 0 0 0 0.25472 0.27647 0.20911 0.24333 0 0 0 0.26759 0 0 0 0 0 0 0.13856 0.14472 0.22074 0 0 0 0.2692 0 0 0 0 0 0 0.18349 0.13216 0 0
0 0 0 0.22719 0.19625 0 0.29807 0 0 0 0 0.23636 0.13202 0 0 0.19222 0.38053 0.15499 0.12492 0 0.1973 0.38276 0.17407 0.20762 0 0.34098 0 0 0 0 0 0 0.13083 0 0.27592 0 0.26463 0.21668 0 0 0.32149 0 0.15424 0.26677 0.22262 0 0 0 0.41479 0 0.30192 0 0.27089 0.16759 0.13452 0 0 0.13959 0.15912 0.37977 0.16096 0 0.15002 0 0 0.24792 0 0 0 0.33619 0.34951 0 0.21308 0 0.13306 0.2443 0.34681 0.38204 0.13413 0.18158 0 0 0 0 0 0 0 0 0.29857 0 0.21252 0.21314 0 0 0 0 0 0 0 0 0 0 0 0 0 0 0 0 0 0 0.17885 0 0.46193 0 0.31545 0 0 0 0 0 0 0 0 0 0.25884 0.12606
0 0 0 0 0 0 0 0.14152 0 0.62367 0.47853 0 0 0.26251 0 0 0 0 0 0 0 0 0 0 0 0 0 0.48143 0.27089 0.39122 0.27232 0.19212 0.40974 0 0 0.28503 0 0 0 0.2958 0 0.22954 0 0.41544 0 0 0 0.27916 0 0.43604 0 0.54218 0 0.25187 0 0 0 0 0 0 0.29292 0 0.35301 0.46688 0.44046 0 0 0.30106 0.14397 0 0 0 0 0 0 0 0 0 0 0 0.17801 0.4497 0.25284 0.42067 0.26344 0.41441 0.35533 0 0 0.26296 0 0 0 0.41632 0.17964 0.25639 0 0 0.39821 0.45336 0.38936 0.30334 0.21871 0.41264 0.14311 0 0.34823 0 0.25378 0.16891 0.28387 0 0 0.68399 0.2206 0 0.52495 0.38203 0.29294 0.19692 0 0.36972 0.34975 0.34498 0.16437 0
0 0.17784 0.27731 0.34675 0.26273 0 0 0.21561 0.22257 0 0 0 0 0 0 0 0 0.39553 0 0 0 0.2895 0.16449 0 0.16634 0.30226 0 0 0 0.16412 0.32455 0 0.24449 0 0 0 0 0 0.28863 1.0746 0.48483 0.19745 0.1961 0 0.19688 0 0.27916 0 0.34902 0.41746 0.22392 0 0 0.15383 0 0 0.15139 0.3214 0.36726 0 0 0 0.14743 0 0.1986 0.18587 0 0 0 0 0 0.39683 0 0 0.20013 0.40926 0.28347 0.13455 0.2572 0.28445 0 0.19133 0 0 0.37653 0.26666 0.30575 0 0 0 0 0.16348 0.12266 0.16024 0.23118 0 0.26189 0.35009 0 0 0 0.12486 0.18095 0.14077 0 0 0 0 0.49007 0.37712 0 0.15214 0 0 0 0.22106 0 0 0 0.39435 0.3041 0.25236 0.1479 0.25233 0.33342 0.22412
0.3676 0.31215 0.1516 0.58143 0.3832 0.16316 0.41862 0.29262 0.24968 0 0 0.38299 0.21966 0 0 0 0.60671 0.46523 0 0.2661 0.49663 0.6455 0.29521 0.19243 0.21762 0.55633 0.16005 0 0 0 0.13628 0 0 0 0.49804 0 0.42873 0.41356 0.3626 0.47051 1.124 0.13032 0.25769 0.18899 0 0.41479 0 0.34902 0 0.1755 0.40747 0 0.1916 0.2734 0.34074 0 0 0.49301 0.34624 0.63959 0 0 0.23337 0 0 0.6829 0.44937 0 0 0.41233 0.57411 0.34264 0.3967 0.28617 0.38648 0.42217 0.29454 0.38682 0.32799 0.40104 0 0 0 0 0.18486 0 0 0 0.48118 0 0.48228 0.5219 0 0 0 0.21761 0.21734 0.24249 0 0 0 0.34107 0 0 0 0.13926 0 0.21417 0 0.44159 0 0 0.55099 0 0.28724 0 0 0 0 0.18869 0.19692 0 0 0.2494 0.47722 0.25977
0 0 0 0 0 0 0 0.18463 0.12962 0.20544 0 0 0 0 0 0 0 0.13648 0 0.35066 0.17664 0 0 0 0 0 0.22355 0 0.2073 0.15448 0.28189 0.38468 0.19735 0.17926 0 0.24948 0 0.14343 0.28414 0.38142 0.1347 0.3776 0.33707 0.29724 0.17517 0 0.43604 0.41746 0.1755 0 0 0.2523 0 0.48197 0.24579 0.20683 0 0 0.13844 0 0.18869 0 0.23041 0 0 0 0 0.21307 0 0 0 0.23022 0 0.30047 0.22527 0 0 0 0 0 0.23609 0 0.14174 0 0.25951 0.28235 0.35081 0 0.15138 0.15785 0 0 0.24367 0.18932 0 0.3701 0.25735 0.14419 0.17277 0.19638 0.46696 0.15222 0.30732 0.41693 0 0 0 0 0 0.25688 0.16868 0.16848 0 0 0 0.3442 0 0 0.18319 0.39393 0 0.17071 0.18246 0.30897 0 0
0 0 0.19436 0.35522 0.31402 0.22885 0.41772 0.23536 0.26556 0 0 0.22944 0 0 0 0 0.34796 0.34182 0 0 0.21175 0.2981 0.43378 0.14008 0.24526 0.39249 0 0 0 0 0.15264 0 0.23056 0 0.18597 0 0 0 0 0.27308 0.33796 0.17768 0.28863 0.21296 0 0.30192 0 0.22392 0.40747 0 0 0 0.1724 0 0 0 0 0.27687 0.36903 0.3749 0.23154 0 0.32515 0 0 0.33397 0 0 0 0 0.34042 0.19129 0 0 0.20003 0.30901 0.46337 0.36307 0.30036 0.27834 0 0 0 0 0.23706 0 0 0 0.17716 0 0 0.15245 0 0 0 0 0.13479 0.1268 0 0 0 0.2832 0 0.26129 0 0 0 0 0.25328 0.16985 0 0 0.21261 0.25128 0.27952 0 0 0 0 0.23008 0.31188 0.30546 0.12093 0.24566 0.37794 0.29816
0 0 0 0 0 0 0 0 0 0.38362 0.579 0 0.28796 0.27753 0 0.45317 0 0 0.24697 0 0 0 0 0 0 0 0 0.3774 0.54029 0.52918 0.23768 0 0 0 0 0.35187 0 0 0 0 0 0 0 0.42756 0 0 0.54218 0 0 0.2523 0 0 0 0 0 0 0 0 0 0 0 0 0 0.42966 0.75583 0 0.2611 0 0.51561 0.1949 0 0 0.24775 0 0 0 0 0 0 0 0 0.52312 0.61799 0.66668 0.32837 0 0 0.22595 0 0.27013 0 0 0 0.3841 0 0 0 0 0.14195 0.23764 0.14531 0 0 0.1423 0 0.12566 0 0 0 0 0 0 0 0.18124 0 0 0.51442 0.40293 0 0 0 0 0 0 0 0
0.315 0.22386 0 0.15799 0.25758 0.12259 0.28267 0 0 0 0 0.26579 0 0 0 0 0.16534 0.1362 0.17475 0 0.12671 0.43679 0.21971 0.32665 0 0.33564 0.4787 0 0 0 0 0 0.40844 0.5034 0.1838 0.20143 0.39956 0.35685 0.20987 0.29277 0.26838 0 0.17362 0.28193 0 0.27089 0 0 0.1916 0 0.1724 0 0 0 0.43766 0.26557 0.28724 0.13209 0.19668 0.32769 0 0.55381 0 0 0 0.19901 0 0 0 0.15055 0.14822 0 0.13349 0 0.30512 0.71051 0.20355 0.48777 0 0.33694 0.26658 0 0 0 0 0 0.33496 0.3387 0.42809 0.20458 0.34429 0.53939 0.3662 0 0.26336 0.52309 0.56801 0.33422 0 0.22385 0 0.26921 0.22465 0.22544 0 0 0 0.36605 0.13249 0.26129 0.18432 0 0.46964 0 0.37868 0 0 0 0.38305 0.41395 0.50079 0 0 0.2289 0.12147 0.57358
0 0 0 0 0 0.15575 0 0.23583 0 0 0 0 0.32359 0 0 0 0.1773 0.18456 0 0.43459 0.28144 0 0 0 0 0 0 0 0 0 0 0.16836 0 0 0 0 0 0 0 0.13167 0.17597 0 0 0 0 0.16759 0.25187 0.15383 0.2734 0.48197 0 0 0 0 0 0.14458 0 0 0.13679 0.1922 0.13001 0 0.1877 0 0 0 0.22659 0.34218 0 0.21252 0.32285 0 0 0.30825 0 0 0 0.14725 0 0 0 0 0 0 0 0 0 0 0.12931 0 0 0 0 0 0 0 0 0 0 0 0 0 0.20128 0 0.27614 0 0 0 0 0 0 0 0 0 0 0 0 0 0.14264 0 0 0 0 0 0 0
0.96456 0.80936 0.24031 0 0.28507 0.22859 0 0 0 0 0 0 0 0 0 0 0.35794 0 0.21314 0.21629 0.71977 0.28567 0 0.37405 0 0 0.32782 0 0.14071 0 0 0.34333 0 0 0 0 0 0.12327 0 0.19654 0.40708 0.25285 0.59026 0.18187 0.16691 0.13452 0 0 0.34074 0.24579 0 0 0.43766 0 0 0.81011 0.90987 0 0.49351 0.50043 0 0.47001 0 0 0 0 0 0 0 0.14737 0.44808 0.34213 0.28206 0.24676 0.93223 0.28424 0 0.51618 0 0.14035 0.12227 0 0 0 0 0 0.42432 0.21996 0.29147 0 0.18539 0.18035 0.57068 0 0 0.45007 0.67146 0.25067 0.18433 0.23548 0.2114 0.15394 0.3313 0.20752 0.13642 0 0 0.17632 0 0.25405 0.3245 0 0.55325 0 0.16164 0 0 0 0.21827 0.27695 0 0 0 0.30103 0 0.21772
0.64257 0.70401 0 0 0 0.39207 0 0 0 0 0 0 0 0 0.16522 0.13811 0 0 0.23375 0.46487 0.49419 0 0 0.64009 0 0 0.16173 0 0.45572 0 0 0.30382 0 0 0 0.12583 0 0 0 0 0.28226 0.35477 0.34898 0.20416 0.18969 0 0 0 0 0.20683 0 0 0.26557 0.14458 0.81011 0 0.7048 0 0.38278 0.27847 0.17972 0.49668 0 0 0 0 0 0 0.13051 0.21136 0.30398 0.1511 0.25702 0.19412 0.82512 0.23084 0 0.47361 0 0.14148 0.18277 0 0.39745 0 0 0 0.48437 0.16437 0.25682 0 0 0 0.44447 0 0 0.53301 0.55008 0.13212 0.19594 0.27429 0 0.15877 0 0.13881 0.25551 0 0 0.2419 0 0.21267 0.33378 0 0.34462 0 0 0.13978 0 0 0.35599 0.21283 0 0 0 0.28349 0 0
1.0223 0.77659 0.36848 0 0.48326 0.12764 0 0 0 0 0 0 0 0 0 0 0.47147 0 0 0 0.62758 0.31603 0.2708 0.24398 0 0 0.14918 0 0 0 0 0.29954 0 0 0 0 0 0 0 0.19715 0.29114 0.25365 0.52896 0 0.30634 0 0 0.15139 0 0 0 0 0.28724 0 0.90987 0.7048 0 0.30243 0.66447 0.44324 0 0.43696 0 0 0 0.19684 0 0 0 0 0.48366 0.15242 0 0 0.60944 0.30181 0.23302 0.41429 0 0.33065 0 0 0 0 0 0 0.43431 0 0 0 0 0 0.27762 0 0.16959 0.26559 0.63983 0.2734 0.3667 0.23087 0.14224 0.12709 0.26025 0 0 0 0 0 0 0.23674 0.32941 0 0.28613 0 0 0 0 0 0 0 0 0 0 0 0 0.29866
0.15772 0 0.24988 0.98595 0.4982 0 0 0.31714 0.25787 0 0 0.78764 0.25055 0 0 0 0.50819 0.74528 0 0 0.28701 0.4496 0.23965 0 0.29761 0.55426 0.18811 0 0 0 0 0 0.28518 0 0.39106 0 0.36976 0.20367 0 0.36287 0.47438 0 0.13211 0 0 0.13959 0 0.3214 0.49301 0 0.27687 0 0.13209 0 0 0 0.30243 0 0.40577 0.34987 0 0.12934 0.19341 0 0 1.503 0.52501 0.29693 0 0.19626 0.35054 0.29752 0 0 0 0.40798 0.19642 0 0.68326 0.64871 0 0 0 0 0.28739 0 0.2464 0 0.20171 0 0.36869 0.51147 0 0 0 0 0.27007 0.48353 0.15304 0 0 0.1526 0.23431 0 0 0.14926 0 0 0 0.38223 0 0 0 0 0.14795 0 0 0 0 0 0.24035 0 0 0 0.17026 0.27729
0.52439 0.44977 0.49396 0.22887 0.76626 0.17845 0.43703 0.1744 0.43799 0 0 0.2801 0 0 0 0 0.59559 0.3031 0 0.2097 0.63168 0.53701 0.70642 0.33484 0.15974 0.36187 0 0 0 0 0 0.234 0.29129 0 0 0 0 0 0 0.46463 0.3403 0.38459 0.60808 0.15872 0.25848 0.15912 0 0.36726 0.34624 0.13844 0.36903 0 0.19668 0.13679 0.49351 0.38278 0.66447 0.40577 0 0.63126 0.38336 0.43105 0.60443 0 0 0.36408 0 0 0 0 0.64345 0.39023 0 0 0.54189 0.48573 0.71965 0.48219 0.25666 0.47666 0 0 0 0 0.23329 0 0.34244 0 0 0 0 0 0 0 0 0.24508 0.48036 0.38208 0.28982 0 0.12626 0.13225 0.25528 0.26579 0 0 0 0 0 0.34785 0.40144 0 0.44076 0.30222 0.14755 0.15038 0 0 0 0.33367 0.23593 0.17409 0.14549 0.34676 0.2105 0.29118
0.57769 0.49749 0.43608 0.3833 0.67356 0.49484 0.55498 0.28395 0.43049 0 0 0.38959 0 0 0 0 0.89313 0.51357 0 0.40839 0.73276 0.71248 0.68532 0.47844 0.20747 0.63865 0.21826 0 0 0 0 0 0 0 0.25404 0 0.24809 0.25937 0.14475 0.2699 0.6199 0.16604 0.36837 0 0 0.37977 0 0 0.63959 0 0.3749 0 0.32769 0.1922 0.50043 0.27847 0.44324 0.34987 0.63126 0 0.34541 0.25284 0.36791 0 0 0.43908 0 0 0 0.18618 0.85737 0.28797 0.29497 0.39756 0.4602 0.41925 0.59451 0.69828 0.24296 0.64475 0 0 0 0 0 0 0.12914 0 0.28291 0 0.1367 0.24179 0 0 0 0.32876 0.53835 0.31482 0 0 0.19203 0.31312 0.29175 0 0 0 0 0.25968 0 0.33183 0.46158 0.20438 0.62498 0 0.18793 0 0 0 0 0.33836 0.37308 0 0 0.21516 0.26528 0.45702
0 0 0.14703 0 0.28943 0.58885 0.71582 0.26213 0.49498 0.39075 0 0.18582 0 0 0.22949 0 0.16748 0.14598 0.1683 0.42745 0 0 0.58501 0.50076 0.41886 0.22197 0 0 0 0 0.29515 0.30383 0.42862 0.21585 0 0 0 0 0 0 0 0.25944 0.26495 0.21659 0 0.16096 0.29292 0 0 0.18869 0.23154 0 0 0.13001 0 0.17972 0 0 0.38336 0.34541 0 0.27334 0.79755 0.33554 0 0 0 0.16906 0.19277 0.2286 0.20476 0 0.24685 0.43876 0.19698 0 0.2925 0.23028 0 0 0 0 0.19935 0 0.17192 0 0.18554 0.13851 0.21443 0 0 0 0 0 0 0.37758 0.14764 0.12396 0 0.26984 0.2093 0.21854 0.15562 0.45529 0.14687 0 0 0.24293 0 0.1698 0.44369 0.20919 0.41378 0.43337 0.15101 0.2125 0 0 0.35505 0.34051 0.15853 0.37948 0.34256 0.46393 0.31908 0.12075
0.44723 0.41387 0 0 0.2928 0.36221 0.15393 0 0 0 0 0.3148 0 0 0 0.22586 0 0 0.38939 0 0.22963 0.24709 0.2151 0.41745 0 0 0.58677 0 0.15402 0 0 0.37075 0.45781 0.26417 0 0.16177 0.18426 0.18499 0 0 0 0.3044 0.32771 0.2733 0.20325 0 0 0 0 0 0 0 0.55381 0 0.47001 0.49668 0.43696 0.12934 0.43105 0.25284 0.27334 0 0.23272 0.19415 0 0.1273 0 0 0 0.2884 0.14669 0 0.17987 0 0.3293 0.31695 0 0.30202 0 0.30597 0.36291 0 0 0 0 0 0.4991 0.30033 0.40173 0.23518 0.18291 0.24012 0.29205 0 0 0.6238 0.55432 0.25492 0.21964 0.39382 0 0 0.15045 0.3591 0 0 0 0.22381 0 0.13376 0.15551 0 0.32415 0.18515 0.42923 0 0 0 0.47021 0.28937 0.14965 0 0 0.25338 0 0.20959
0 0 0.2176 0.3118 0.46407 0.27334 0.69847 0.66561 0.99383 0.52899 0 0.34902 0 0 0 0 0.19307 0.34547 0 0.2554 0 0.20841 0.59962 0.19794 0.56916 0.38492 0 0 0.1318 0 0.51806 0.31415 0.60105 0 0.13522 0 0 0 0 0.25989 0.15496 0.42291 0.26615 0 0 0.15002 0.35301 0.14743 0.23337 0.23041 0.32515 0 0 0.1877 0 0 0 0.19341 0.60443 0.36791 0.79755 0.23272 0 0.35649 0 0.31572 0 0.30489 0 0.16737 0.17011 0.24254 0 0 0.1304 0.15396 0.35294 0 0.45056 0.15091 0 0 0.19481 0 0.54848 0.24127 0.37012 0 0.13947 0 0 0 0 0 0 0.36064 0.18025 0.48154 0.30672 0.17847 0.32494 0.3808 0.22984 0.43033 0 0 0 0.12132 0.22551 0.4489 0.32499 0.31663 0.2925 0.64523 0.13093 0 0 0 0.31084 0.41967 0.31703 0.56335 0.31951 0.52194 0.48437 0
0 0 0 0 0 0 0 0 0 0.99144 0.52908 0 0 0.45139 0.28862 0.22052 0 0 0 0 0 0 0 0 0 0 0 0.74647 0.64994 0.59498 0.30219 0.18199 0.35258 0 0 0.29392 0 0 0 0 0 0 0 0 0 0 0.46688 0 0 0 0 0.42966 0 0 0 0 0 0 0 0 0.33554 0.19415 0.35649 0 0.5608 0 0 0.21615 0.58218 0 0 0 0 0 0 0 0 0 0 0 0.18022 0.62357 0.60142 0.7669 0.32711 0.31523 0.32909 0.22926 0 0.36511 0 0 0 0.31336 0.1683 0.18475 0 0 0.34606 0.46951 0 0 0 0.28924 0 0 0.45879 0 0.15356 0 0 0 0 0.57325 0 0 0.47269 0.37591 0.24623 0 0 0.37658 0.3868 0 0 0
0 0 0 0 0 0 0 0 0 0.57288 0.73496 0 0.28819 0.68792 0 0 0 0 0 0 0 0 0 0 0 0 0 0.78822 0.60029 1.0464 0.38401 0 0 0 0 0.38582 0 0 0 0 0 0 0 0 0 0 0.44046 0.1986 0 0 0 0.75583 0 0 0 0 0 0 0 0 0 0 0 0.5608 0 0 0 0.22014 0.32911 0 0 0 0 0 0 0 0 0 0 0 0.1499 1.1011 0.40758 1.208 0.29183 0.28826 0 0.14298 0 0.46987 0 0 0 0.78083 0.29802 0 0 0 0 0.16725 0 0 0 0 0 0 0.54206 0 0.21709 0 0 0 0 0 0 0 0.95746 0.76878 0 0 0 0.14974 0 0 0 0
0.16213 0 0.19915 1.037 0.53857 0 0.33883 0.34957 0.33025 0 0 0.9345 0.34139 0 0 0 0.63221 0.71964 0 0 0.3384 0.44531 0.36443 0 0.47005 0.67686 0 0 0 0 0.1922 0 0.3221 0 0.50641 0 0.37297 0.28518 0 0.29218 0.57119 0 0 0 0 0.24792 0 0.18587 0.6829 0 0.33397 0 0.19901 0 0 0 0.19684 1.503 0.36408 0.43908 0 0.1273 0.31572 0 0 0 0.63462 0.26545 0 0.46518 0.47614 0.32265 0.14114 0 0 0.41483 0.25579 0 0.84491 0.6437 0 0 0 0 0.38892 0 0.22346 0 0.42981 0 0.432 0.51555 0 0 0 0 0.24787 0.51826 0.14284 0 0 0.29931 0.20258 0 0 0.17587 0 0.13733 0 0.51051 0 0.1615 0.28781 0 0.19447 0 0 0 0 0 0.31549 0 0 0.17182 0.28993 0.31688
0 0 0 0.45132 0 0 0 0.13494 0 0 0 0.29637 1.1213 0.21166 0.14656 0.65016 0.1319 0 0.31847 0 0 0 0 0 0.22585 0.25859 0 0 0 0 0.30036 0 0 0 0.41838 0 0.23159 0.33622 0.15069 0 0.3607 0 0 0.22879 0 0 0 0 0.44937 0 0 0.2611 0 0.22659 0 0 0 0.52501 0 0 0 0 0 0 0 0.63462 0 0.40826 0.19248 0.71905 0.1645 0.19934 0.46529 0 0 0 0 0 0.49123 0.25019 0 0 0.26624 0 0.39314 0 0 0.2257 0.33761 0 0.33209 0.3774 0 0 0 0 0 0 0 0 0 0.14328 0 0 0 0.13425 0 0 0 0.21852 0 0 0.16786 0 0.18083 0 0 0 0 0 0 0 0 0 0 0
